Brightness Level 2 selected...valor leido 0 led 2
Select a Brightness between 0 and 9
Brightness Level 2 selected...valor leido 0 led 0
Read Values
 18,  0,  0,  0,  0,  0,  0,  2,  0,  0,  0,  0,  0,  0,  0,  0,  0,  0,  0,  0,  0,  0,  0,  0,  0,  0,  0,  0,  0,  0,  0,  0,  18,  0,  0,  0,  0,  0,  0,  0,  0,  0,  18,  0,  0,  0,  0,  18,  0,  0,  0,  0,  0,  0,  0,  0,  0,  0,  18,  0,  0,  0,  0,  0,  0,  0,  0,  0,  0,  0,  0,  0,  0,  0,  18,  0,  0,  0,  0,  0,  0,  0,  0,  0,  0,  0,  0,  0,  0,  0,  0,  0,  0,  0,  0,  0,  0,  0,  0,  0, Select a Brightness between 0 and 9
Brightness Level 2 selected...valor leido 0 led 0
Read Values
 0,  0,  0,  0,  0,  0,  0,  0,  18,  0,  18,  0,  2,  0,  0,  0,  0,  0,  0,  0,  0,  0,  0,  0,  0,  0,  0,  0,  0,  0,  0,  0,  0,  0,  0,  0,  0,  18,  0,  0,  0,  0,  0,  0,  0,  0,  0,  0,  0,  0,  0,  0,  18,  0,  0,  0,  0,  0,  0,  0,  18,  0,  0,  0,  0,  0,  0,  0,  0,  0,  0,  0,  0,  0,  0,  0,  0,  0,  0,  0,  0,  0,  0,  0,  0,  0,  0,  0,  0,  0,  0,  0,  0,  0,  0,  0,  0,  18,  0,  0, Select a Brightness between 0 and 9
Brightness Level 3 selected...valor leido 0 led 0
Read Values
 0,  0,  18,  0,  0,  0,  2,  0,  0,  0,  0,  0,  0,  0,  0,  0,  18,  0,  0,  0,  0,  0,  0,  0,  0,  0,  0,  0,  18,  0,  0,  0,  0,  0,  0,  0,  0,  0,  0,  0,  0,  0,  0,  0,  0,  0,  18,  0,  0,  0,  0,  0,  0,  0,  0,  0,  18,  0,  0,  0,  0,  0,  0,  0,  0,  0,  0,  0,  0,  0,  0,  0,  0,  0,  0,  0,  0,  0,  0,  0,  0,  0,  0,  0,  0,  0,  0,  0,  0,  0,  0,  0,  0,  0,  0,  18,  0,  0,  0,  0, Select a Brightness between 0 and 9
Brightness Level 5 selected...valor leido 0 led 0
Read Values
 0,  0,  0,  0,  0,  0,  0,  0,  0,  0,  0,  0,  2,  0,  0,  0,  0,  0,  0,  0,  0,  0,  0,  0,  18,  0,  0,  0,  0,  0,  0,  18,  0,  0,  0,  0,  0,  0,  0,  0,  0,  0,  18,  0,  0,  0,  0,  0,  0,  0,  0,  0,  0,  0,  0,  0,  0,  0,  0,  0,  2,  0,  0,  0,  0,  0,  0,  0,  0,  0,  0,  0,  0,  0,  0,  0,  0,  0,  0,  0,  0,  0,  18,  0,  0,  0,  0,  0,  0,  0,  0,  0,  0,  0,  0,  18,  0,  0,  0,  0, Select a Brightness between 0 and 9
Brightness Level 4 selected...valor leido 0 led 0
Read Values
 0,  0,  0,  0,  0,  0,  0,  0,  0,  0,  0,  0,  0,  0,  0,  0,  0,  0,  18,  0,  0,  0,  0,  0,  0,  0,  0,  0,  0,  0,  0,  0,  0,  0,  0,  0,  0,  0,  0,  0,  2,  0,  0,  0,  0,  0,  0,  0,  0,  0,  0,  0,  0,  18,  0,  0,  0,  0,  0,  0,  0,  0,  0,  0,  0,  0,  0,  0,  0,  0,  0,  0,  0,  0,  0,  0,  0,  0,  0,  0,  0,  0,  0,  0,  0,  0,  0,  0,  18,  0,  0,  0,  0,  0,  0,  18,  0,  0,  0,  0, Select a Brightness between 0 and 9
Brightness Level 5 selected...valor leido 0 led 0
Read Values
 0,  0,  0,  0,  0,  0,  0,  0,  0,  0,  0,  0,  0,  0,  0,  0,  0,  0,  0,  0,  0,  0,  0,  0,  0,  0,  0,  0,  0,  0,  0,  0,  0,  18,  0,  0,  0,  0,  0,  0,  0,  0,  0,  0,  0,  0,  2,  0,  0,  0,  0,  0,  0,  0,  0,  0,  0,  2,  0,  0,  0,  0,  0,  0,  0,  0,  0,  18,  0,  0,  0,  0,  0,  0,  0,  0,  0,  0,  0,  0,  0,  0,  0,  2,  0,  0,  0,  0,  0,  0,  0,  0,  0,  0,  0,  0,  0,  0,  0,  0, Select a Brightness between 0 and 9
Brightness Level 4 selected...valor leido 0 led 0
Read Values
 0,  0,  0,  0,  0,  0,  0,  0,  0,  2,  0,  0,  0,  0,  2,  0,  0,  2,  0,  0,  0,  0,  18,  0,  0,  0,  2,  0,  0,  18,  0,  0,  0,  0,  0,  0,  0,  0,  0,  0,  0,  0,  0,  0,  0,  0,  0,  0,  18,  0,  18,  0,  0,  0,  0,  0,  0,  0,  18,  0,  0,  0,  0,  0,  0,  0,  0,  0,  0,  0,  0,  0,  0,  0,  0,  0,  0,  0,  0,  0,  0,  0,  0,  0,  0,  0,  0,  0,  0,  0,  0,  0,  0,  0,  18,  0,  0,  0,  0,  0, Select a Brightness between 0 and 9
Brightness Level 3 selected...valor leido 1179666 led 0
Read Values
 0,  0,  0,  0,  0,  0,  0,  0,  18,  0,  0,  0,  0,  0,  0,  0,  0,  0,  0,  0,  0,  0,  0,  0,  0,  0,  0,  0,  0,  0,  0,  0,  0,  0,  0,  18,  0,  0,  0,  0,  0,  0,  0,  0,  18,  0,  0,  0,  0,  0,  0,  0,  0,  0,  0,  0,  0,  0,  0,  0,  0,  0,  0,  0,  0,  0,  0,  0,  0,  0,  0,  0,  0,  0,  0,  0,  0,  0,  0,  0,  0,  0,  0,  0,  0,  0,  0,  0,  0,  0,  0,  0,  0,  0,  0,  0,  0,  0,  0,  0, Select a Brightness between 0 and 9
Brightness Level 5 selected...valor leido 0 led 0
Read Values
 0,  0,  0,  0,  0,  18,  0,  0,  0,  0,  0,  0,  0,  0,  0,  0,  0,  0,  0,  0,  18,  0,  0,  0,  0,  0,  0,  0,  0,  18,  0,  0,  0,  0,  0,  0,  0,  0,  0,  0,  0,  0,  0,  0,  18,  0,  0,  0,  0,  0,  0,  0,  0,  0,  0,  0,  0,  0,  0,  0,  0,  0,  0,  0,  0,  0,  0,  0,  0,  0,  0,  0,  0,  0,  0,  0,  0,  0,  0,  0,  0,  0,  0,  0,  0,  0,  0,  0,  0,  0,  0,  0,  0,  0,  0,  0,  0,  0,  0,  0, Select a Brightness between 0 and 9
Brightness Level 3 selected...valor leido 0 led 0
Read Values
 0,  0,  0,  0,  0,  0,  0,  0,  0,  0,  0,  0,  0,  0,  0,  0,  18,  0,  0,  0,  0,  0,  0,  0,  0,  0,  0,  0,  0,  0,  0,  0,  0,  0,  0,  0,  0,  0,  0,  0,  0,  0,  0,  0,  0,  0,  0,  0,  0,  0,  0,  0,  0,  0,  0,  0,  18,  0,  18,  18,  0,  0,  0,  0,  0,  0,  0,  0,  0,  0,  0,  0,  0,  0,  0,  0,  0,  0,  0,  0,  0,  0,  0,  0,  0,  0,  0,  0,  0,  0,  0,  0,  0,  0,  0,  0,  0,  0,  0,  0, Select a Brightness between 0 and 9
Brightness Level 5 selected...valor leido 0 led 0
Read Values
 0,  0,  0,  0,  0,  0,  0,  0,  0,  0,  0,  0,  0,  0,  0,  0,  0,  0,  0,  0,  0,  0,  0,  0,  0,  0,  0,  0,  0,  0,  0,  0,  0,  0,  0,  0,  0,  0,  0,  0,  0,  0,  0,  0,  0,  0,  0,  0,  0,  0,  0,  0,  0,  0,  0,  0,  0,  0,  0,  0,  0,  0,  0,  0,  0,  0,  0,  0,  0,  0,  18,  0,  0,  0,  0,  0,  0,  0,  0,  0,  0,  0,  0,  0,  0,  0,  0,  0,  0,  0,  0,  0,  0,  0,  0,  0,  0,  0,  0,  0, Select a Brightness between 0 and 9
Brightness Level 4 selected...valor leido 0 led 0
Read Values
 0,  0,  0,  0,  0,  0,  0,  0,  0,  0,  2,  0,  0,  18,  0,  0,  0,  0,  0,  0,  0,  0,  0,  0,  0,  0,  0,  0,  0,  0,  0,  18,  0,  0,  0,  0,  0,  18,  0,  0,  0,  0,  0,  0,  0,  0,  18,  0,  0,  0,  0,  0,  0,  0,  0,  0,  0,  0,  0,  0,  0,  0,  0,  0,  0,  0,  0,  0,  0,  0,  0,  0,  0,  0,  0,  0,  0,  0,  0,  0,  0,  0,  0,  0,  0,  0,  0,  0,  0,  18,  0,  0,  0,  0,  0,  0,  0,  0,  0,  0, Select a Brightness between 0 and 9
Brightness Level 3 selected...valor leido 0 led 0
Read Values
 0,  0,  0,  0,  0,  0,  0,  0,  0,  0,  0,  0,  0,  0,  0,  0,  0,  0,  0,  0,  0,  0,  0,  0,  0,  2,  0,  0,  0,  0,  0,  0,  0,  0,  0,  18,  0,  0,  0,  0,  0,  0,  0,  2,  0,  0,  0,  0,  0,  0,  18,  0,  0,  0,  0,  18,  0,  0,  18,  0,  0,  0,  0,  0,  0,  0,  0,  0,  0,  18,  0,  0,  0,  0,  0,  0,  0,  0,  0,  0,  0,  0,  0,  0,  0,  0,  18,  0,  0,  0,  0,  0,  0,  0,  0,  0,  0,  0,  0,  0, Select a Brightness between 0 and 9
Brightness Level 5 selected...valor leido 0 led 0
Read Values
 0,  0,  0,  0,  0,  0,  0,  0,  0,  0,  0,  0,  0,  0,  0,  0,  0,  18,  0,  0,  0,  0,  0,  0,  0,  0,  0,  0,  0,  2,  0,  2,  0,  0,  0,  0,  0,  0,  0,  18,  0,  0,  0,  0,  0,  18,  0,  0,  0,  0,  0,  0,  0,  0,  0,  0,  18,  0,  0,  0,  0,  0,  0,  0,  0,  18,  0,  0,  0,  0,  0,  0,  0,  0,  18,  0,  0,  0,  18,  0,  0,  18,  0,  0,  0,  0,  0,  0,  0,  0,  0,  0,  18,  0,  0,  0,  0,  0,  0,  0, Select a Brightness between 0 and 9
Brightness Level 4 selected...valor leido 0 led 0
Read Values
 0,  0,  0,  0,  0,  0,  0,  0,  0,  0,  18,  0,  0,  0,  0,  0,  0,  0,  0,  0,  0,  0,  0,  0,  0,  0,  0,  0,  0,  0,  0,  0,  18,  0,  0,  0,  0,  0,  0,  0,  0,  0,  0,  0,  0,  0,  0,  0,  0,  0,  0,  0,  0,  0,  0,  0,  0,  0,  0,  0,  0,  0,  0,  0,  0,  0,  0,  0,  0,  0,  18,  18,  0,  0,  0,  0,  0,  0,  0,  0,  18,  0,  18,  0,  0,  0,  0,  0,  0,  0,  0,  0,  0,  0,  0,  0,  0,  0,  0,  0, Select a Brightness between 0 and 9
Brightness Level 3 selected...valor leido 0 led 0
Read Values
 18,  0,  0,  0,  0,  0,  0,  0,  0,  0,  0,  0,  0,  0,  0,  0,  0,  0,  0,  0,  0,  0,  0,  0,  0,  0,  18,  0,  0,  0,  0,  0,  0,  0,  0,  0,  0,  0,  0,  0,  0,  0,  0,  0,  18,  0,  0,  0,  0,  0,  0,  0,  0,  0,  0,  0,  0,  0,  0,  0,  0,  0,  0,  0,  0,  0,  0,  0,  0,  0,  0,  0,  18,  18,  0,  0,  0,  0,  0,  0,  0,  0,  0,  0,  0,  0,  0,  0,  0,  0,  0,  0,  0,  0,  0,  0,  0,  0,  0,  0, Select a Brightness between 0 and 9
Brightness Level 5 selected...valor leido 0 led 0
Read Values
 0,  0,  0,  0,  0,  2,  0,  0,  0,  0,  0,  0,  0,  0,  0,  0,  0,  0,  0,  0,  0,  0,  0,  0,  0,  0,  0,  0,  0,  18,  0,  0,  0,  0,  0,  0,  0,  0,  0,  0,  0,  0,  0,  18,  0,  0,  18,  0,  0,  0,  0,  0,  0,  0,  0,  0,  0,  0,  0,  0,  2,  0,  0,  18,  18,  0,  0,  0,  18,  0,  18,  0,  0,  0,  0,  0,  0,  0,  0,  0,  18,  18,  0,  0,  0,  0,  0,  0,  0,  0,  0,  18,  0,  0,  0,  0,  18,  0,  0,  0, Select a Brightness between 0 and 9
Brightness Level 4 selected...valor leido 0 led 0
Read Values
 0,  0,  0,  0,  0,  0,  2,  2,  0,  0,  0,  0,  0,  0,  0,  0,  0,  0,  0,  0,  0,  0,  0,  0,  0,  0,  18,  0,  0,  0,  0,  0,  0,  0,  0,  0,  0,  0,  0,  0,  0,  18,  0,  0,  0,  0,  0,  0,  0,  0,  2,  0,  0,  0,  0,  0,  0,  0,  2,  18,  0,  0,  0,  0,  0,  0,  0,  0,  0,  0,  0,  0,  0,  0,  0,  0,  0,  0,  0,  0,  18,  0,  18,  0,  0,  0,  2,  2,  0,  0,  0,  0,  0,  0,  0,  0,  0,  0,  0,  0, Select a Brightness between 0 and 9
Brightness Level 3 selected...valor leido 0 led 0
Read Values
 0,  0,  0,  0,  0,  2,  0,  0,  18,  0,  0,  2,  0,  0,  0,  0,  0,  0,  0,  0,  0,  0,  0,  0,  0,  0,  0,  0,  0,  0,  0,  0,  0,  0,  2,  0,  0,  0,  0,  0,  0,  0,  0,  0,  18,  0,  2,  0,  0,  18,  18,  18,  0,  0,  0,  2,  0,  0,  0,  0,  0,  0,  0,  0,  0,  0,  0,  0,  0,  0,  18,  0,  0,  18,  0,  0,  0,  0,  0,  0,  0,  0,  0,  18,  0,  0,  0,  0,  0,  18,  0,  0,  18,  0,  0,  0,  0,  0,  0,  0, Select a Brightness between 0 and 9
Brightness Level 5 selected...valor leido 0 led 0
Read Values
 0,  0,  0,  0,  0,  18,  0,  0,  0,  0,  0,  0,  0,  0,  0,  18,  0,  0,  0,  0,  0,  0,  0,  0,  0,  18,  0,  0,  0,  0,  18,  0,  0,  0,  0,  18,  0,  0,  0,  0,  0,  0,  0,  0,  0,  0,  0,  2,  0,  0,  0,  0,  0,  0,  0,  0,  0,  0,  0,  0,  0,  0,  0,  0,  0,  0,  18,  2,  0,  0,  0,  0,  0,  0,  0,  0,  0,  0,  0,  0,  0,  0,  0,  0,  0,  0,  0,  0,  0,  0,  0,  0,  0,  0,  18,  0,  0,  0,  0,  0, Select a Brightness between 0 and 9
Brightness Level 4 selected...valor leido 0 led 0
Read Values
 0,  0,  0,  0,  0,  18,  2,  0,  0,  0,  0,  18,  0,  0,  0,  0,  0,  0,  0,  0,  0,  0,  0,  18,  18,  0,  18,  0,  0,  0,  0,  0,  0,  0,  0,  0,  0,  0,  0,  0,  0,  2,  0,  18,  0,  0,  0,  0,  0,  0,  0,  0,  0,  0,  0,  0,  0,  0,  2,  0,  0,  0,  0,  0,  0,  0,  0,  0,  0,  18,  18,  0,  0,  0,  0,  0,  0,  0,  18,  0,  0,  0,  0,  0,  0,  0,  0,  0,  0,  0,  0,  0,  0,  18,  0,  0,  0,  0,  0,  0, Select a Brightness between 0 and 9
Brightness Level 3 selected...valor leido 0 led 0
Read Values
 0,  0,  0,  0,  0,  0,  0,  0,  0,  0,  2,  0,  0,  18,  0,  0,  0,  0,  0,  0,  18,  0,  0,  0,  0,  0,  0,  0,  18,  0,  0,  0,  0,  0,  0,  0,  0,  0,  0,  0,  0,  0,  0,  0,  0,  18,  0,  0,  0,  0,  0,  0,  0,  0,  18,  0,  0,  0,  0,  0,  0,  0,  0,  0,  0,  0,  0,  0,  0,  0,  0,  0,  0,  0,  0,  0,  0,  0,  0,  0,  0,  0,  0,  0,  0,  0,  18,  0,  0,  0,  0,  0,  0,  18,  0,  0,  0,  0,  0,  0, Select a Brightness between 0 and 9
Brightness Level 5 selected...valor leido 0 led 0
Read Values
 0,  0,  0,  0,  2,  0,  0,  0,  0,  0,  0,  0,  0,  0,  0,  0,  0,  0,  0,  0,  0,  0,  18,  0,  0,  0,  0,  0,  0,  18,  0,  0,  0,  0,  0,  0,  0,  0,  0,  0,  0,  0,  0,  0,  0,  0,  0,  0,  0,  0,  0,  0,  0,  0,  0,  0,  18,  0,  0,  0,  0,  0,  0,  0,  0,  0,  0,  0,  0,  0,  0,  18,  0,  0,  0,  0,  0,  0,  0,  0,  0,  0,  0,  18,  0,  0,  0,  0,  0,  0,  0,  0,  0,  0,  0,  0,  0,  0,  0,  0, Select a Brightness between 0 and 9
Brightness Level 4 selected...valor leido 0 led 0
Read Values
 0,  0,  18,  0,  0,  0,  0,  0,  18,  0,  0,  0,  18,  0,  0,  0,  0,  0,  0,  0,  0,  18,  0,  0,  0,  0,  0,  0,  0,  0,  0,  0,  18,  0,  0,  0,  0,  0,  0,  0,  0,  2,  0,  0,  0,  0,  0,  0,  0,  0,  0,  0,  18,  0,  0,  0,  0,  0,  0,  0,  0,  0,  0,  0,  0,  18,  0,  0,  0,  0,  0,  0,  0,  0,  18,  0,  0,  0,  0,  0,  0,  0,  18,  0,  0,  0,  18,  0,  18,  0,  0,  0,  0,  0,  0,  0,  0,  0,  0,  0, Select a Brightness between 0 and 9
Brightness Level 3 selected...valor leido 0 led 0
Read Values
 0,  0,  0,  0,  0,  0,  0,  0,  0,  0,  0,  0,  0,  0,  0,  0,  0,  0,  0,  0,  0,  0,  18,  0,  0,  0,  0,  18,  0,  0,  0,  0,  0,  0,  0,  0,  0,  0,  0,  0,  18,  0,  0,  0,  0,  0,  0,  0,  0,  18,  0,  0,  0,  0,  0,  0,  0,  0,  0,  0,  0,  0,  0,  0,  0,  0,  0,  0,  0,  0,  0,  0,  0,  18,  18,  18,  0,  0,  0,  0,  0,  0,  0,  0,  0,  0,  0,  0,  0,  0,  0,  0,  0,  18,  0,  0,  0,  0,  0,  0, Select a Brightness between 0 and 9
Brightness Level 5 selected...valor leido 0 led 0
Read Values
 0,  0,  0,  0,  0,  0,  0,  0,  0,  0,  18,  0,  0,  0,  0,  0,  0,  0,  0,  0,  0,  0,  0,  0,  0,  0,  0,  0,  0,  0,  0,  0,  0,  0,  0,  0,  0,  0,  0,  0,  0,  0,  0,  0,  0,  0,  0,  0,  0,  0,  0,  0,  0,  0,  0,  0,  0,  0,  0,  0,  0,  0,  0,  0,  0,  0,  0,  0,  0,  0,  0,  0,  0,  0,  0,  0,  0,  0,  0,  0,  0,  18,  0,  0,  0,  0,  0,  0,  18,  18,  0,  0,  18,  0,  0,  18,  0,  0,  0,  0, Select a Brightness between 0 and 9
Brightness Level 4 selected...valor leido 1179666 led 0
Read Values
 0,  2,  0,  0,  0,  0,  0,  0,  2,  0,  0,  0,  0,  0,  18,  0,  0,  0,  0,  0,  0,  0,  0,  0,  0,  0,  2,  0,  0,  0,  0,  2,  0,  0,  0,  0,  18,  0,  0,  0,  0,  0,  0,  0,  0,  0,  0,  0,  18,  18,  0,  0,  0,  0,  0,  0,  0,  18,  0,  0,  0,  0,  0,  0,  0,  0,  0,  0,  0,  0,  0,  18,  0,  0,  0,  0,  0,  0,  0,  0,  0,  0,  0,  0,  18,  0,  0,  0,  0,  18,  0,  0,  18,  0,  0,  0,  0,  0,  0,  0, Select a Brightness between 0 and 9
Brightness Level 3 selected...valor leido 0 led 0
Read Values
 0,  0,  2,  0,  0,  0,  0,  0,  18,  0,  0,  0,  0,  0,  0,  0,  0,  0,  0,  0,  2,  0,  0,  0,  0,  0,  0,  0,  0,  0,  0,  0,  0,  0,  0,  0,  0,  0,  18,  2,  0,  0,  0,  0,  0,  0,  0,  0,  0,  0,  0,  0,  0,  0,  2,  0,  0,  0,  18,  0,  0,  0,  0,  0,  0,  0,  0,  0,  0,  0,  2,  0,  0,  0,  0,  18,  0,  0,  2,  0,  0,  0,  0,  0,  0,  0,  0,  0,  0,  0,  0,  0,  0,  0,  0,  18,  0,  0,  0,  0, Select a Brightness between 0 and 9
Brightness Level 4 selected...valor leido 0 led 0
Read Values
 0,  0,  0,  0,  0,  0,  0,  0,  0,  0,  0,  0,  0,  0,  0,  0,  0,  0,  8,  8,  0,  8,  0,  4063,  0,  0,  24,  24,  0,  0,  0,  24,  0,  0,  0,  0,  0,  0,  0,  0,  0,  0,  0,  0,  0,  24,  0,  0,  0,  0,  24,  24,  0,  24,  0,  8,  8,  0,  0,  0,  0,  0,  0,  0,  8,  24,  24,  0,  0,  0,  0,  0,  8,  0,  0,  0,  8,  0,  0,  0,  0,  24,  0,  0,  0,  8,  0,  0,  0,  0,  0,  0,  0,  0,  0,  0,  24,  0,  0,  0, Select a Brightness between 0 and 9
Brightness Level 4 selected...valor leido 0 led 0
Read Values
 0,  0,  8,  24,  0,  0,  8,  0,  0,  0,  0,  0,  8,  0,  0,  8,  0,  8,  0,  0,  0,  24,  0,  0,  0,  0,  0,  0,  0,  0,  0,  0,  0,  0,  0,  24,  0,  0,  8,  0,  0,  0,  0,  0,  8,  0,  0,  0,  0,  8,  0,  0,  0,  0,  0,  0,  0,  0,  0,  24,  0,  8,  0,  0,  0,  0,  0,  0,  0,  0,  8,  0,  0,  0,  8,  0,  0,  8,  0,  0,  0,  0,  8,  0,  0,  0,  8,  0,  0,  8,  24,  8,  0,  0,  0,  0,  0,  0,  0,  0, Select a Brightness between 0 and 9
Brightness Level 4 selected...valor leido 0 led 0
Read Values
 0,  0,  0,  0,  0,  24,  0,  0,  0,  0,  0,  24,  0,  0,  0,  24,  0,  0,  0,  0,  0,  0,  8,  0,  0,  0,  0,  8,  0,  0,  24,  8,  0,  0,  8,  0,  0,  0,  0,  0,  0,  0,  0,  0,  0,  0,  24,  0,  24,  0,  0,  0,  0,  0,  0,  24,  0,  0,  0,  0,  0,  8,  0,  0,  0,  0,  0,  0,  8,  0,  0,  0,  0,  0,  8,  0,  0,  0,  0,  8,  0,  0,  0,  0,  0,  0,  0,  0,  0,  0,  0,  0,  0,  0,  0,  0,  0,  8,  0,  0, Select a Brightness between 0 and 9
Brightness Level 3 selected...valor leido 268242941 led 0
Read Values
 4063,  56,  63,  159,  1920,  2048,  48,  185,  3025,  3872,  3640,  1960,  2783,  3647,  2048,  3909,  4063,  4049,  1948,  3138,  160,  48,  63,  1,  3598,  4062,  1360,  1984,  4032,  2081,  2104,  2782,  3646,  63,  3850,  4063,  87,  3143,  55,  3632,  4055,  1071,  959,  223,  56,  3937,  4014,  1,  2017,  63,  456,  192,  4037,  4027,  3153,  1984,  2072,  2079,  192,  1392,  383,  488,  1343,  2720,  2032,  3636,  32,  955,  3904,  3768,  3969,  1315,  1,  3704,  4087,  2081,  3641,  3911,  3011,  4032,  2063,  16,  60,  4093,  4072,  3631,  3932,  31,  1087,  449,  3616,  63,  3195,  63,  3624,  3902,  0,  4080,  4001,  0, Select a Brightness between 0 and 9
Brightness Level 3 selected...valor leido 235605515 led 0
Read Values
 4038,  3965,  3665,  4094,  335,  3598,  4032,  2081,  2055,  2704,  39,  1,  2023,  4032,  4037,  143,  928,  1402,  4032,  3959,  63,  2046,  3617,  3854,  3896,  3048,  0,  2040,  1086,  127,  3899,  1327,  1984,  1311,  3711,  3585,  2944,  2015,  4033,  189,  327,  56,  200,  451,  63,  511,  3951,  2705,  4055,  320,  3199,  3967,  943,  3028,  3643,  896,  158,  1920,  2048,  508,  3584,  63,  452,  3,  320,  2719,  3840,  1294,  4033,  63,  16,  3968,  496,  111,  4062,  81,  68,  32,  4035,  3584,  480,  2689,  3910,  121,  63,  3,  382,  199,  916,  131,  1984,  4033,  196,  341,  3595,  4,  468,  3070,  2107,  0, Select a Brightness between 0 and 9
Brightness Level 3 selected...valor leido 2555943 led 0
Read Values
 4,  4048,  63,  63,  2694,  4092,  0,  3616,  1300,  2108,  3041,  1393,  190,  63,  131,  4095,  2036,  3705,  3680,  3971,  32,  49,  14,  5,  4038,  4055,  1991,  4078,  4048,  56,  3903,  3975,  16,  247,  473,  10,  1992,  33,  450,  4091,  78,  3870,  1375,  3632,  3651,  34,  4088,  2055,  47,  4,  2023,  62,  4090,  2053,  2108,  16,  4032,  171,  42,  127,  3968,  478,  4003,  4046,  3608,  4094,  4095,  3589,  57,  4074,  3902,  48,  3966,  3904,  3167,  509,  2016,  929,  4066,  959,  3599,  0,  3957,  23,  63,  3871,  2753,  2096,  1344,  4032,  3907,  4080,  508,  15,  123,  4036,  1283,  449,  1376,  0, Select a Brightness between 0 and 9
Brightness Level 4 selected...valor leido 33489407 led 0
Read Values
 48,  959,  3934,  3773,  3,  3904,  47,  1376,  3584,  63,  129,  3951,  4088,  3632,  31,  3587,  31,  2064,  4032,  7,  2105,  3009,  4033,  3896,  2048,  508,  4033,  2740,  112,  47,  2101,  47,  4035,  4053,  2063,  3919,  31,  3647,  3048,  133,  4048,  488,  366,  2708,  60,  63,  4036,  3,  112,  47,  2078,  63,  4095,  62,  3840,  2111,  2043,  2047,  3840,  4034,  63,  4092,  2048,  1030,  192,  1077,  4095,  3584,  463,  2044,  2014,  4037,  31,  477,  3960,  1986,  1314,  3616,  2064,  4092,  4095,  3963,  2741,  2051,  63,  23,  1999,  3776,  479,  5,  511,  3911,  3585,  2048,  2721,  151,  238,  462,  896,  0, Select a Brightness between 0 and 9
Brightness Level 4 selected...valor leido 177146511 led 0
Read Values
 128,  4021,  64,  1301,  896,  2080,  448,  4034,  928,  161,  1024,  2006,  24,  3167,  2111,  2303,  3786,  3008,  327,  510,  1339,  3192,  473,  4,  3936,  4048,  2064,  3589,  1024,  2079,  21,  1358,  128,  3327,  2111,  2107,  479,  3023,  240,  4036,  56,  62,  0,  4037,  238,  4090,  4078,  3959,  2751,  3999,  352,  3969,  507,  187,  3944,  62,  0,  903,  48,  241,  4,  1024,  1358,  503,  1403,  1287,  192,  1359,  1029,  62,  96,  4080,  47,  3584,  511,  7,  3139,  4032,  4052,  15,  188,  7,  4095,  2111,  938,  3899,  3846,  48,  2015,  1,  1087,  4039,  448,  1407,  2688,  1055,  1345,  3,  1291,  0, Select a Brightness between 0 and 9
Brightness Level 4 selected...valor leido 137431089 led 0
Read Values
 2812,  4080,  2031,  4032,  203,  4062,  192,  2100,  955,  3584,  63,  952,  448,  63,  4087,  3588,  2047,  4033,  4095,  3616,  2047,  1987,  3938,  2110,  2044,  3888,  4032,  47,  1368,  111,  4094,  501,  504,  4056,  1984,  3776,  63,  4095,  4093,  96,  1855,  3013,  2015,  452,  4032,  2048,  1040,  378,  463,  1983,  250,  3008,  2815,  31,  4078,  128,  4032,  3712,  2043,  4078,  2064,  2017,  4048,  7,  4032,  249,  15,  2744,  3617,  935,  4080,  1035,  3,  129,  1994,  4033,  0,  2055,  2100,  255,  3007,  63,  2111,  4091,  480,  4037,  30,  4066,  39,  3615,  31,  2808,  331,  2048,  4072,  4062,  47,  3006,  4046,  0, Select a Brightness between 0 and 9
Brightness Level 3 selected...valor leido 268242941 led 0
Read Values
 3,  3636,  4074,  2756,  4067,  48,  3964,  4033,  4060,  33,  4032,  63,  4037,  4031,  919,  2079,  3639,  3640,  1991,  4094,  4039,  3744,  2058,  462,  32,  3904,  63,  4035,  2691,  3904,  1027,  3192,  2096,  14,  106,  4092,  199,  2013,  350,  899,  47,  145,  3619,  918,  2048,  8,  2055,  144,  2049,  2062,  3964,  63,  3970,  2050,  1360,  3770,  2079,  151,  63,  2750,  2815,  3931,  3896,  3064,  4063,  1,  56,  2303,  2032,  501,  4095,  129,  2748,  2049,  4095,  10,  448,  2048,  40,  0,  1311,  3968,  508,  144,  46,  4068,  63,  41,  477,  4036,  2100,  2784,  2007,  3918,  2012,  1987,  4040,  63,  4033,  0, Select a Brightness between 0 and 9
Brightness Level 3 selected...valor leido 176622215 led 0
Read Values
 449,  129,  3,  7,  63,  2049,  35,  2728,  3584,  2110,  4065,  3630,  4033,  4094,  939,  359,  1087,  4063,  3999,  63,  463,  1025,  1087,  3137,  4095,  3646,  496,  4095,  912,  3008,  2063,  4039,  127,  1392,  2110,  184,  2749,  4024,  0,  511,  47,  3947,  3647,  3624,  2759,  60,  2107,  4095,  3264,  2786,  24,  3614,  1349,  2094,  4062,  0,  3847,  2030,  2720,  3934,  2026,  192,  4036,  3969,  2039,  1985,  4094,  448,  3936,  1407,  40,  1056,  46,  2740,  4064,  3631,  62,  2108,  31,  3904,  3632,  32,  4074,  84,  185,  3647,  1313,  47,  3594,  28,  2703,  131,  2,  3846,  1405,  63,  15,  4003,  3584,  0, Select a Brightness between 0 and 9
Brightness Level 4 selected...valor leido 265228239 led 0
Read Values
 4079,  1991,  4090,  63,  2005,  63,  3630,  3067,  63,  3626,  2175,  3950,  4033,  495,  3039,  3071,  1341,  1280,  2047,  4029,  48,  2105,  176,  4027,  4095,  3279,  1985,  67,  2111,  4063,  3907,  2944,  1359,  2043,  4090,  3953,  58,  3896,  4033,  3967,  4078,  127,  1080,  2096,  4032,  4052,  2751,  3641,  3592,  4032,  1406,  1346,  3588,  3911,  191,  3013,  1387,  478,  3719,  4062,  159,  3615,  4032,  58,  2055,  508,  1355,  32,  3011,  4048,  159,  463,  4063,  953,  3768,  48,  3199,  3637,  449,  1987,  4088,  2720,  128,  3585,  504,  481,  2016,  3028,  508,  2055,  1040,  2047,  3600,  59,  4092,  2720,  1351,  3013,  4061,  0, Select a Brightness between 0 and 9
Brightness Level 3 selected...valor leido 267390960 led 0
Read Values
 4037,  3068,  29,  2043,  2012,  2752,  3904,  1360,  149,  3646,  4032,  1024,  3168,  3584,  480,  2717,  1984,  95,  3640,  4057,  4064,  1025,  40,  191,  4039,  3944,  1986,  322,  193,  1025,  3735,  2755,  4095,  2047,  2053,  255,  4032,  1344,  1984,  55,  255,  1920,  1360,  3843,  4095,  3975,  16,  2073,  487,  4080,  184,  23,  1024,  0,  56,  939,  2064,  252,  1340,  66,  2048,  68,  3924,  511,  7,  2767,  3584,  56,  2719,  3975,  2243,  2109,  4052,  1024,  511,  1337,  95,  17,  56,  450,  509,  3071,  4062,  3066,  28,  488,  4060,  511,  508,  42,  1057,  39,  2040,  2032,  1984,  3807,  3584,  4032,  4039,  0, Select a Brightness between 0 and 9
Brightness Level 4 selected...valor leido 259067761 led 0
Read Values
 2773,  3847,  3199,  4095,  112,  3615,  1994,  4090,  3591,  3616,  59,  3875,  3,  2014,  4088,  1085,  2096,  56,  3899,  7,  3903,  1376,  191,  1343,  4040,  63,  1024,  1920,  4095,  2810,  2069,  4033,  3592,  902,  2049,  1400,  15,  1336,  496,  3584,  3743,  2055,  4063,  449,  2044,  53,  4032,  4095,  511,  3964,  126,  1404,  511,  4092,  52,  176,  59,  3992,  31,  32,  4034,  4036,  3902,  2800,  3624,  4049,  4057,  1040,  2059,  3886,  30,  2019,  3137,  3872,  2017,  3584,  1025,  3618,  2069,  496,  2760,  125,  4048,  3743,  4026,  2047,  1329,  2107,  3584,  1284,  3615,  4031,  1984,  1984,  4032,  4048,  2975,  1360,  3964,  0, Select a Brightness between 0 and 9
Brightness Level 7 selected...valor leido 239013439 led 0
Read Values
 376,  144,  4034,  10,  4033,  509,  904,  497,  453,  377,  224,  1080,  4061,  1986,  4032,  129,  8,  345,  4088,  4088,  3913,  2974,  4046,  3047,  33,  2751,  2751,  31,  3631,  510,  11,  4095,  473,  4001,  2064,  3584,  4095,  40,  4091,  1346,  3627,  4075,  2051,  0,  511,  3640,  3590,  3850,  3875,  4047,  3640,  4047,  130,  1308,  223,  4039,  2078,  4036,  1025,  15,  3651,  4095,  1984,  3166,  3,  3066,  1991,  4025,  4071,  463,  504,  52,  4061,  31,  4017,  62,  63,  2752,  4094,  4032,  497,  455,  463,  1055,  480,  177,  33,  473,  478,  4032,  509,  3023,  4032,  63,  2040,  3616,  190,  4072,  32,  0, Select a Brightness between 0 and 9
Brightness Level 7 selected...valor leido 135268368 led 0
Read Values
 482,  4090,  4063,  2702,  63,  4079,  2049,  15,  1391,  3,  487,  4032,  63,  4093,  63,  4021,  62,  3633,  1404,  2040,  0,  4056,  39,  1994,  382,  248,  4088,  1287,  4095,  1025,  896,  190,  4027,  4001,  1280,  448,  3617,  4090,  4046,  1404,  1071,  459,  3136,  3905,  4048,  1989,  480,  193,  2064,  451,  0,  4039,  1999,  63,  2689,  95,  4003,  3937,  928,  480,  2735,  4094,  0,  1,  4035,  3589,  63,  2055,  3883,  148,  2047,  1315,  2104,  4048,  4074,  1,  3647,  450,  4095,  202,  2048,  7,  4030,  1031,  16,  2736,  3903,  3199,  2111,  4034,  2027,  2096,  43,  3647,  4095,  2749,  4001,  2108,  954,  0, Select a Brightness between 0 and 9
Brightness Level 7 selected...valor leido 259985279 led 0
Read Values
 4091,  2751,  1984,  494,  4034,  3056,  160,  16,  4037,  1287,  67,  449,  448,  62,  455,  2719,  3907,  2104,  1332,  1024,  497,  1285,  4060,  2040,  2047,  4043,  161,  3071,  3591,  4032,  4039,  3844,  488,  4073,  3704,  4072,  4031,  131,  1056,  60,  511,  4035,  2719,  1055,  3,  2079,  2063,  456,  4033,  1080,  64,  48,  47,  142,  320,  2063,  3584,  2786,  1027,  3904,  2055,  1120,  1344,  3924,  21,  4048,  3024,  453,  3584,  4091,  3631,  448,  4080,  135,  4092,  1987,  1343,  4095,  63,  4001,  63,  3765,  2972,  3700,  190,  2689,  1039,  46,  116,  4047,  2752,  2271,  4088,  1071,  3904,  3905,  480,  31,  3587,  0, Select a Brightness between 0 and 9
Brightness Level 7 selected...valor leido 327685 led 0
Read Values
 2767,  63,  64,  4071,  4037,  2040,  2047,  121,  59,  133,  463,  2079,  2109,  3936,  1040,  3071,  4036,  95,  145,  1359,  4064,  0,  4038,  11,  504,  17,  16,  47,  61,  4032,  62,  4032,  3672,  504,  1027,  4063,  4039,  1991,  4047,  3975,  2813,  2063,  1351,  99,  3199,  4071,  4048,  4,  3647,  4052,  3056,  481,  4092,  4034,  4093,  48,  455,  4087,  3967,  3584,  2104,  2773,  511,  206,  61,  1374,  2691,  3586,  4042,  63,  3919,  4034,  2063,  46,  159,  63,  478,  3915,  0,  184,  2703,  3586,  3906,  20,  195,  3594,  4072,  3680,  938,  4071,  249,  39,  127,  1377,  3136,  3967,  383,  3637,  2751,  0, Select a Brightness between 0 and 9
Brightness Level 7 selected...valor leido 16253176 led 0
Read Values
 62,  3649,  3296,  2062,  1328,  3909,  472,  64,  4094,  323,  59,  2063,  2014,  1396,  4064,  4095,  59,  4088,  3775,  3992,  186,  3585,  57,  448,  2747,  3999,  3972,  454,  4089,  4033,  3584,  7,  56,  161,  63,  3615,  47,  3998,  3712,  4090,  1347,  20,  176,  56,  4094,  63,  32,  2959,  2975,  1405,  4095,  2745,  4053,  3615,  3616,  2744,  4037,  64,  4065,  2111,  191,  1855,  64,  3584,  63,  2,  2024,  3071,  47,  2812,  383,  8,  2032,  0,  2798,  4048,  4032,  4039,  3883,  4039,  63,  954,  2048,  4039,  253,  2106,  64,  931,  3047,  2048,  4032,  1995,  4039,  3862,  2759,  21,  900,  911,  4095,  0, Select a Brightness between 0 and 9
Brightness Level 7 selected...valor leido 266342368 led 0
Read Values
 4080,  3888,  487,  4032,  3845,  0,  2008,  162,  7,  4037,  47,  31,  57,  479,  3967,  1024,  2756,  2097,  3903,  4047,  2047,  4065,  478,  380,  1928,  2032,  3647,  2740,  511,  3015,  1994,  449,  354,  1287,  4043,  1084,  127,  4060,  4032,  4030,  63,  2036,  4032,  1295,  184,  3,  3872,  1087,  15,  4064,  200,  3199,  3904,  56,  3966,  1984,  127,  1989,  4089,  511,  49,  452,  3915,  1377,  4095,  2100,  464,  4032,  3809,  3840,  3936,  2073,  1984,  39,  3726,  96,  4049,  3919,  1349,  3961,  1077,  24,  2031,  2744,  4032,  3905,  3142,  3589,  4091,  7,  3965,  2752,  2048,  2059,  60,  4095,  511,  958,  4040,  0, Select a Brightness between 0 and 9
Brightness Level 7 selected...valor leido 2293795 led 0
Read Values
 1400,  2047,  180,  3751,  0,  3915,  3640,  2104,  462,  4095,  3647,  63,  1082,  4085,  0,  4095,  4093,  254,  451,  176,  4065,  1,  4094,  15,  2033,  4034,  455,  2691,  61,  63,  56,  3615,  31,  3585,  4090,  1320,  3640,  3655,  63,  4065,  956,  2055,  2689,  3742,  4036,  3904,  142,  3640,  52,  2056,  48,  2108,  4033,  3015,  1986,  1392,  451,  4,  3614,  1,  4080,  47,  1987,  3843,  64,  2031,  16,  192,  480,  510,  451,  2773,  455,  4095,  511,  4032,  3584,  1027,  248,  510,  3639,  3640,  2784,  4037,  1991,  4039,  121,  2045,  2104,  2064,  1952,  40,  1055,  4061,  1028,  900,  2047,  63,  2095,  0, Select a Brightness between 0 and 9
Brightness Level 7 selected...valor leido 1966110 led 0
Read Values
 3968,  3585,  4062,  959,  191,  3064,  30,  4064,  4052,  32,  4032,  191,  3647,  952,  3967,  2047,  4064,  3883,  184,  2032,  63,  900,  448,  928,  480,  4032,  3936,  1024,  1991,  4014,  4032,  2056,  3598,  31,  4079,  143,  463,  106,  449,  3632,  4072,  4095,  92,  4062,  448,  4088,  2087,  2752,  1344,  1992,  471,  4017,  254,  6,  4037,  1984,  1081,  16,  4091,  4047,  898,  160,  1087,  63,  4010,  4067,  191,  2079,  2059,  56,  78,  3928,  1287,  454,  1048,  896,  4063,  1087,  63,  321,  3038,  929,  1347,  901,  379,  133,  321,  478,  1349,  3933,  2096,  899,  1031,  47,  2039,  3979,  3972,  3960,  2041,  0, Select a Brightness between 0 and 9
Brightness Level 7 selected...valor leido 238816828 led 0
Read Values
 3965,  63,  59,  2031,  132,  1346,  4033,  2763,  2024,  3067,  3775,  4088,  2031,  3040,  3773,  192,  252,  496,  3964,  2705,  3587,  1358,  63,  4035,  4064,  208,  46,  2031,  463,  63,  4067,  59,  3845,  24,  2014,  3008,  2048,  4048,  42,  3584,  4087,  454,  4090,  1985,  4062,  4088,  451,  3197,  3039,  4027,  496,  3585,  23,  3647,  7,  4095,  3904,  35,  2047,  4091,  3,  448,  2736,  2047,  3903,  2814,  2041,  4046,  131,  1991,  451,  2688,  1404,  197,  171,  15,  4088,  4088,  511,  4032,  31,  896,  4064,  4048,  4031,  63,  1382,  2014,  4095,  3901,  4093,  2058,  1,  3752,  2064,  4085,  511,  451,  2110,  0, Select a Brightness between 0 and 9
Brightness Level 7 selected...valor leido 121571135 led 0
Read Values
 52,  1992,  31,  3775,  7,  483,  511,  4070,  111,  2076,  3647,  2014,  2051,  4037,  3168,  4092,  3,  3031,  21,  2107,  32,  4095,  4007,  2751,  3935,  1407,  897,  511,  465,  0,  0,  79,  900,  458,  189,  63,  4063,  2751,  23,  4094,  63,  3924,  2111,  2031,  59,  1081,  942,  2012,  511,  325,  3618,  4080,  1080,  1920,  927,  2048,  2791,  31,  23,  56,  2090,  0,  4079,  2243,  63,  4001,  62,  4048,  2693,  496,  152,  84,  4065,  4063,  63,  61,  3587,  144,  2759,  3905,  4032,  2720,  4094,  3615,  195,  1287,  3967,  63,  3646,  2080,  31,  2078,  15,  4094,  448,  63,  64,  4033,  4038,  0, Select a Brightness between 0 and 9
Brightness Level 7 selected...valor leido 983055 led 0
Read Values
 190,  3774,  3624,  3847,  3586,  2049,  17,  2767,  3640,  3717,  4039,  943,  2068,  472,  4063,  64,  4078,  2063,  255,  0,  3643,  2059,  63,  3996,  14,  452,  465,  30,  31,  1999,  47,  1407,  451,  14,  107,  4038,  3903,  157,  5,  3951,  193,  3584,  4075,  4028,  3626,  3185,  3615,  912,  65,  3903,  2064,  2096,  4091,  4094,  1039,  3584,  4000,  496,  3647,  0,  32,  3008,  191,  4048,  3831,  487,  1934,  4092,  2750,  32,  3999,  2756,  4091,  1029,  1403,  1377,  3760,  928,  3905,  3649,  481,  3838,  148,  43,  4049,  3055,  4064,  496,  2271,  2068,  252,  63,  32,  2691,  509,  2036,  510,  4094,  7,  0, Select a Brightness between 0 and 9
Brightness Level 7 selected...valor leido 244256399 led 0
Read Values
 488,  4,  2110,  199,  4065,  2111,  1404,  209,  2557,  4032,  4003,  3,  1301,  510,  4092,  58,  4032,  3888,  1984,  4088,  3709,  3616,  194,  448,  1312,  1991,  15,  3911,  4039,  131,  251,  4056,  112,  46,  497,  4025,  1386,  2095,  3617,  4034,  506,  1986,  3984,  1,  2042,  4031,  47,  254,  4048,  4088,  2695,  2719,  4034,  3704,  3911,  78,  1985,  335,  2044,  1351,  3905,  31,  5,  3942,  1390,  464,  1086,  2107,  4035,  1025,  2813,  2097,  4063,  63,  3828,  4064,  1383,  959,  4064,  4056,  135,  1404,  3591,  4057,  21,  4017,  34,  3968,  4048,  31,  504,  0,  2047,  504,  61,  3071,  4032,  4033,  3008,  0, Select a Brightness between 0 and 9
Brightness Level 7 selected...valor leido 67109888 led 0
Read Values
 63,  2078,  4034,  2815,  1305,  1056,  954,  2078,  127,  3019,  4094,  0,  3646,  47,  506,  3840,  352,  56,  131,  60,  2109,  62,  1999,  4032,  3584,  511,  159,  2046,  2979,  2027,  3961,  2100,  3615,  3615,  2720,  3039,  3875,  1985,  129,  4063,  1988,  29,  3640,  46,  952,  479,  4094,  468,  4053,  2009,  4078,  16,  64,  4065,  452,  3,  4080,  3840,  168,  110,  4063,  1087,  4027,  432,  2065,  24,  511,  63,  4078,  2978,  3647,  2051,  4055,  3998,  3984,  3,  510,  1988,  3903,  3585,  2691,  1387,  3619,  188,  2064,  1984,  4032,  2032,  473,  1071,  221,  4,  322,  2063,  2808,  4095,  3967,  4094,  3968,  0, Select a Brightness between 0 and 9
Brightness Level 7 selected...valor leido 255856448 led 0
Read Values
 4,  1087,  1024,  3765,  4093,  31,  3964,  1,  239,  57,  135,  0,  2064,  495,  3647,  2045,  3001,  198,  63,  2055,  3645,  4062,  253,  1377,  4037,  2104,  500,  63,  4043,  4032,  504,  1984,  1407,  56,  3952,  23,  4048,  16,  4088,  2027,  4091,  3588,  3008,  898,  509,  4066,  3296,  1397,  1346,  3970,  2752,  4091,  2051,  2081,  3645,  4032,  64,  4095,  4032,  192,  1920,  3587,  176,  58,  47,  1405,  58,  479,  927,  60,  2751,  159,  6,  190,  336,  4074,  4057,  2076,  3008,  3616,  4033,  4064,  354,  1025,  4048,  2017,  4063,  496,  62,  4034,  3847,  1,  2759,  4048,  63,  2080,  4032,  63,  31,  0, Select a Brightness between 0 and 9
Brightness Level 7 selected...valor leido 3932220 led 0
Read Values
 3913,  3584,  2257,  4095,  4032,  46,  53,  2945,  2017,  16,  1067,  1344,  4060,  3064,  336,  192,  353,  1984,  4092,  2033,  1994,  4055,  2040,  4095,  0,  7,  2050,  2001,  128,  7,  48,  12,  2096,  3136,  3905,  4092,  1407,  1053,  8,  66,  16,  488,  63,  3915,  3006,  32,  29,  1404,  4036,  0,  63,  4017,  4095,  6,  23,  1024,  2087,  481,  2810,  189,  17,  184,  2743,  2240,  3968,  59,  3615,  3722,  3586,  2079,  3622,  1998,  1404,  3902,  2713,  59,  63,  4032,  135,  4030,  4021,  2016,  125,  1084,  4094,  78,  4035,  159,  2054,  3646,  3975,  4035,  4064,  3964,  4094,  1354,  3908,  63,  3585,  0, Select a Brightness between 0 and 9
Brightness Level 7 selected...valor leido 244584084 led 0
Read Values
 451,  4072,  1064,  30,  480,  504,  63,  60,  3646,  47,  4057,  378,  3585,  2054,  39,  191,  81,  4093,  63,  504,  63,  3840,  2069,  2046,  7,  4032,  62,  4094,  3966,  3729,  4052,  0,  63,  123,  0,  1031,  956,  4048,  176,  63,  2081,  4064,  448,  4064,  4036,  482,  14,  1924,  899,  192,  912,  508,  63,  4033,  2049,  1980,  1029,  459,  3967,  56,  4034,  63,  4094,  2063,  3840,  1,  4064,  2703,  4095,  3636,  4095,  3584,  1343,  0,  3592,  2808,  63,  2071,  56,  4001,  1,  48,  2104,  255,  451,  1313,  2037,  15,  4088,  252,  1297,  3966,  61,  3840,  3969,  1998,  3864,  7,  4027,  0, Select a Brightness between 0 and 9
Brightness Level 5 selected...valor leido 0 led 0
Read Values
 24,  0,  0,  0,  0,  0,  0,  0,  0,  0,  0,  0,  8,  24,  0,  0,  24,  8,  8,  0,  0,  0,  0,  0,  0,  8,  0,  0,  0,  24,  8,  24,  0,  0,  0,  4047,  0,  0,  0,  0,  0,  8,  8,  8,  0,  0,  0,  0,  8,  8,  0,  0,  0,  0,  0,  0,  0,  8,  0,  0,  8,  24,  0,  8,  0,  0,  0,  0,  8,  0,  0,  24,  0,  0,  0,  0,  0,  8,  0,  0,  0,  0,  0,  0,  0,  0,  0,  0,  24,  0,  0,  0,  0,  24,  24,  0,  0,  0,  8,  0, Select a Brightness between 0 and 9
Brightness Level 5 selected...valor leido 0 led 0
Read Values
 0,  24,  0,  0,  24,  24,  0,  0,  0,  0,  0,  0,  0,  0,  0,  8,  24,  0,  0,  0,  24,  0,  0,  8,  8,  0,  8,  0,  24,  0,  0,  0,  0,  24,  0,  0,  0,  0,  0,  0,  0,  0,  0,  0,  0,  0,  0,  8,  0,  0,  0,  8,  0,  0,  0,  0,  0,  0,  0,  8,  0,  0,  0,  0,  0,  0,  8,  0,  24,  0,  0,  0,  0,  0,  8,  0,  0,  0,  0,  8,  24,  8,  0,  0,  0,  8,  0,  8,  0,  0,  0,  0,  24,  0,  0,  0,  0,  0,  0,  0, Select a Brightness between 0 and 9
Brightness Level 5 selected...valor leido 0 led 0
Read Values
 8,  24,  0,  24,  8,  8,  24,  0,  0,  0,  0,  0,  0,  0,  8,  0,  0,  0,  0,  0,  0,  8,  8,  0,  0,  0,  0,  0,  0,  0,  8,  0,  0,  0,  24,  0,  8,  24,  24,  0,  0,  0,  24,  0,  24,  0,  0,  0,  0,  0,  0,  0,  0,  0,  0,  0,  0,  0,  0,  24,  0,  8,  0,  24,  0,  0,  0,  0,  0,  0,  8,  0,  0,  0,  0,  0,  0,  24,  0,  0,  0,  8,  0,  0,  0,  0,  0,  8,  24,  0,  0,  8,  8,  0,  0,  0,  0,  8,  0,  0, Select a Brightness between 0 and 9
Brightness Level 5 selected...valor leido 0 led 0
Read Values
 0,  24,  0,  0,  0,  0,  24,  0,  0,  8,  0,  0,  8,  0,  8,  0,  24,  0,  0,  0,  0,  0,  0,  0,  0,  8,  0,  0,  0,  0,  0,  0,  24,  0,  0,  8,  24,  0,  0,  0,  0,  8,  24,  0,  0,  0,  8,  48,  24,  24,  0,  0,  0,  0,  0,  0,  0,  24,  0,  8,  0,  0,  8,  0,  0,  0,  0,  0,  0,  0,  0,  0,  0,  0,  24,  0,  0,  0,  0,  0,  0,  0,  0,  8,  0,  0,  0,  0,  0,  0,  0,  0,  0,  0,  0,  24,  24,  8,  0,  0, Select a Brightness between 0 and 9
Brightness Level 5 selected...valor leido 0 led 0
Read Values
 0,  0,  0,  24,  24,  0,  0,  8,  0,  0,  24,  0,  0,  0,  0,  0,  0,  0,  0,  0,  0,  0,  24,  0,  0,  0,  0,  0,  8,  0,  8,  0,  0,  0,  0,  0,  0,  0,  0,  24,  0,  0,  0,  0,  0,  0,  0,  0,  8,  0,  8,  0,  24,  0,  0,  24,  0,  0,  0,  0,  0,  24,  0,  0,  0,  0,  0,  0,  0,  24,  0,  24,  8,  0,  0,  0,  0,  0,  0,  0,  0,  24,  0,  0,  0,  0,  24,  0,  0,  0,  0,  0,  24,  0,  0,  0,  0,  0,  0,  0, Select a Brightness between 0 and 9
Brightness Level 5 selected...valor leido 0 led 0
Read Values
 0,  24,  0,  0,  0,  0,  0,  0,  0,  0,  8,  0,  0,  24,  0,  0,  0,  0,  0,  0,  0,  0,  0,  0,  0,  24,  24,  0,  0,  24,  24,  0,  0,  0,  0,  8,  0,  0,  0,  0,  0,  0,  0,  0,  0,  0,  8,  0,  0,  0,  0,  0,  0,  0,  8,  24,  0,  8,  0,  0,  0,  0,  0,  0,  8,  8,  0,  0,  0,  0,  0,  0,  0,  8,  0,  0,  0,  0,  24,  0,  8,  24,  0,  0,  0,  0,  8,  0,  0,  0,  0,  0,  0,  0,  0,  0,  0,  0,  0,  0, Select a Brightness between 0 and 9
Brightness Level 5 selected...valor leido 0 led 0
Read Values
 24,  0,  0,  0,  0,  24,  0,  8,  0,  8,  0,  0,  0,  0,  0,  0,  24,  8,  0,  8,  0,  0,  0,  0,  0,  8,  24,  0,  0,  8,  0,  0,  0,  0,  0,  0,  0,  0,  8,  0,  0,  0,  8,  0,  8,  0,  0,  0,  0,  8,  0,  24,  0,  8,  0,  24,  0,  0,  0,  0,  0,  8,  0,  0,  0,  0,  8,  0,  0,  0,  0,  0,  8,  0,  0,  8,  0,  0,  0,  0,  0,  0,  24,  0,  0,  0,  0,  0,  24,  0,  0,  0,  0,  0,  8,  8,  8,  0,  0,  0, Select a Brightness between 0 and 9
Brightness Level 5 selected...valor leido 1572888 led 0
Read Values
 0,  0,  0,  24,  0,  8,  0,  0,  24,  0,  0,  24,  0,  24,  0,  0,  8,  8,  0,  24,  0,  0,  0,  0,  0,  0,  8,  0,  8,  8,  0,  0,  0,  0,  0,  0,  8,  0,  0,  0,  0,  0,  0,  8,  0,  0,  8,  0,  8,  24,  8,  0,  0,  0,  0,  0,  0,  0,  8,  0,  0,  24,  8,  0,  0,  24,  0,  0,  0,  0,  0,  0,  0,  0,  0,  0,  0,  0,  24,  0,  0,  0,  0,  0,  0,  0,  0,  0,  0,  24,  8,  0,  0,  0,  0,  0,  0,  8,  0,  0, Select a Brightness between 0 and 9
Brightness Level 5 selected...valor leido 0 led 0
Read Values
 0,  24,  0,  8,  0,  0,  0,  24,  0,  0,  0,  0,  24,  0,  0,  0,  24,  8,  0,  0,  0,  24,  24,  0,  0,  0,  0,  0,  0,  0,  0,  0,  0,  0,  0,  0,  0,  0,  0,  24,  0,  8,  0,  8,  8,  8,  0,  24,  0,  8,  0,  0,  8,  0,  0,  0,  0,  0,  0,  0,  0,  0,  0,  0,  0,  0,  0,  8,  0,  0,  0,  0,  0,  0,  24,  0,  8,  0,  0,  8,  8,  0,  0,  0,  0,  0,  24,  0,  0,  0,  8,  0,  24,  0,  0,  0,  0,  0,  0,  0, Select a Brightness between 0 and 9
Brightness Level 5 selected...valor leido 524296 led 0
Read Values
 0,  0,  0,  0,  0,  0,  0,  0,  0,  0,  0,  0,  0,  0,  0,  0,  0,  0,  0,  0,  0,  0,  0,  0,  0,  0,  0,  0,  0,  8,  8,  0,  0,  0,  0,  0,  24,  0,  0,  0,  24,  8,  0,  0,  0,  0,  0,  0,  0,  8,  0,  0,  8,  0,  24,  24,  0,  24,  0,  0,  0,  0,  0,  0,  0,  0,  0,  8,  0,  0,  24,  24,  0,  0,  0,  0,  0,  0,  24,  8,  8,  24,  8,  0,  8,  24,  0,  0,  0,  0,  0,  8,  0,  0,  0,  0,  24,  0,  0,  0, Select a Brightness between 0 and 9

